==============================================================================================================
LOBSTER V5.1 OVERNIGHT ROBUSTNESS
==============================================================================================================
Completed runs: 768

ALL-FEATURE BASELINE ACROSS TRAIN WINDOWS
 horizon train_window  seeds  ic_mean  ic_median   ic_std    ic_min  positive_seed_fraction  spread_mean   ic_2024  ic_2025  ic_2026
      10            3     16 0.018553   0.021108 0.008750 -0.003838                  0.9375     0.006352 -0.011395 0.032715 0.069744
      10            5     16 0.028068   0.028910 0.009154  0.004572                  1.0000     0.008222  0.000105 0.057765 0.051282
      10            8     16 0.033510   0.033923 0.006126  0.020541                  1.0000     0.008786 -0.004067 0.049974 0.057304
      10    expanding     16 0.035809   0.038850 0.008293  0.016333                  1.0000     0.009092 -0.000350 0.077487 0.049674
      20            3     16 0.029614   0.030826 0.008102  0.010784                  1.0000     0.014029 -0.038820 0.024016 0.091881
      20            5     16 0.037091   0.036592 0.011148  0.011405                  1.0000     0.017067 -0.029093 0.080236 0.076587
      20            8     16 0.048722   0.047799 0.008257  0.030518                  1.0000     0.018720 -0.002453 0.065417 0.059392
      20    expanding     16 0.053659   0.054809 0.008482  0.032069                  1.0000     0.020923  0.000921 0.078755 0.091996

FEATURE ABLATION DELTA VS ALL
 horizon train_window         feature_set  ic_mean  delta_ic_vs_all   ic_std  positive_seed_fraction
      10            3            no_trend 0.016125        -0.002428 0.010045                  1.0000
      10            3 no_absolute_returns 0.017405        -0.001148 0.007616                  0.9375
      10            3                 all 0.018553         0.000000 0.008750                  0.9375
      10            3         no_relative 0.018704         0.000151 0.008544                  1.0000
      10            3       no_volatility 0.025376         0.006823 0.005871                  1.0000
      10            3   no_market_context 0.027874         0.009321 0.008675                  1.0000
      10            5            no_trend 0.020514        -0.007554 0.007948                  1.0000
      10            5 no_absolute_returns 0.027755        -0.000313 0.009800                  1.0000
      10            5                 all 0.028068         0.000000 0.009154                  1.0000
      10            5         no_relative 0.029209         0.001142 0.007827                  1.0000
      10            5       no_volatility 0.031163         0.003095 0.004180                  1.0000
      10            5   no_market_context 0.032053         0.003986 0.007920                  1.0000
      10            8            no_trend 0.025460        -0.008050 0.006298                  1.0000
      10            8                 all 0.033510         0.000000 0.006126                  1.0000
      10            8   no_market_context 0.037217         0.003707 0.008056                  1.0000
      10            8 no_absolute_returns 0.038840         0.005331 0.009427                  1.0000
      10            8         no_relative 0.041010         0.007500 0.004581                  1.0000
      10            8       no_volatility 0.042421         0.008911 0.005190                  1.0000
      10    expanding            no_trend 0.025470        -0.010340 0.007655                  1.0000
      10    expanding                 all 0.035809         0.000000 0.008293                  1.0000
      10    expanding         no_relative 0.038869         0.003060 0.006373                  1.0000
      10    expanding       no_volatility 0.039789         0.003980 0.006434                  1.0000
      10    expanding   no_market_context 0.041352         0.005543 0.009192                  1.0000
      10    expanding no_absolute_returns 0.043300         0.007490 0.007420                  1.0000
      20            3            no_trend 0.011016        -0.018598 0.007563                  0.9375
      20            3         no_relative 0.025980        -0.003634 0.010894                  1.0000
      20            3 no_absolute_returns 0.027226        -0.002388 0.005435                  1.0000
      20            3                 all 0.029614         0.000000 0.008102                  1.0000
      20            3   no_market_context 0.033795         0.004181 0.012363                  1.0000
      20            3       no_volatility 0.038209         0.008595 0.010680                  1.0000
      20            5            no_trend 0.018944        -0.018147 0.009117                  1.0000
      20            5         no_relative 0.033231        -0.003860 0.014564                  1.0000
      20            5                 all 0.037091         0.000000 0.011148                  1.0000
      20            5 no_absolute_returns 0.039351         0.002260 0.015418                  1.0000
      20            5   no_market_context 0.041869         0.004778 0.011883                  1.0000
      20            5       no_volatility 0.043941         0.006851 0.007931                  1.0000
      20            8            no_trend 0.031411        -0.017311 0.009208                  1.0000
      20            8 no_absolute_returns 0.046324        -0.002398 0.016947                  1.0000
      20            8                 all 0.048722         0.000000 0.008257                  1.0000
      20            8   no_market_context 0.050124         0.001402 0.011793                  1.0000
      20            8         no_relative 0.054229         0.005507 0.010095                  1.0000
      20            8       no_volatility 0.060964         0.012242 0.011130                  1.0000
      20    expanding            no_trend 0.037122        -0.016538 0.006211                  1.0000
      20    expanding         no_relative 0.051250        -0.002409 0.013745                  1.0000
      20    expanding no_absolute_returns 0.051551        -0.002108 0.014932                  1.0000
      20    expanding   no_market_context 0.051719        -0.001940 0.010519                  1.0000
      20    expanding                 all 0.053659         0.000000 0.008482                  1.0000
      20    expanding       no_volatility 0.061689         0.008030 0.005980                  1.0000

TOP CONFIGS BY MEAN IC (DIAGNOSTIC ONLY — DO NOT SELECT LIVE MODEL FROM THIS TABLE)
 horizon         feature_set train_window  ic_mean   ic_std   ic_min  ic_minus_std  spread_mean   ic_2024
      20       no_volatility    expanding 0.061689 0.005980 0.048257      0.055709     0.022084  0.008728
      20       no_volatility            8 0.060964 0.011130 0.044400      0.049834     0.021351  0.026299
      20         no_relative            8 0.054229 0.010095 0.036274      0.044134     0.021026  0.001431
      20                 all    expanding 0.053659 0.008482 0.032069      0.045178     0.020923  0.000921
      20   no_market_context    expanding 0.051719 0.010519 0.034432      0.041200     0.020065  0.025528
      20 no_absolute_returns    expanding 0.051551 0.014932 0.026171      0.036619     0.020136 -0.016617
      20         no_relative    expanding 0.051250 0.013745 0.025299      0.037504     0.019994 -0.013098
      20   no_market_context            8 0.050124 0.011793 0.027572      0.038331     0.020856  0.009588
      20                 all            8 0.048722 0.008257 0.030518      0.040464     0.018720 -0.002453
      20 no_absolute_returns            8 0.046324 0.016947 0.017361      0.029377     0.017879  0.000713
      20       no_volatility            5 0.043941 0.007931 0.031154      0.036010     0.016110  0.005982
      10 no_absolute_returns    expanding 0.043300 0.007420 0.028381      0.035879     0.010563  0.005677
      10       no_volatility            8 0.042421 0.005190 0.033075      0.037231     0.009394  0.021818
      20   no_market_context            5 0.041869 0.011883 0.015166      0.029986     0.018315 -0.016121
      10   no_market_context    expanding 0.041352 0.009192 0.027694      0.032160     0.009333  0.045851
      10         no_relative            8 0.041010 0.004581 0.034441      0.036430     0.010642  0.007053
      10       no_volatility    expanding 0.039789 0.006434 0.029933      0.033355     0.009192  0.009749
      20 no_absolute_returns            5 0.039351 0.015418 0.010499      0.023932     0.018098 -0.024423
      10         no_relative    expanding 0.038869 0.006373 0.023999      0.032496     0.009479 -0.004404
      10 no_absolute_returns            8 0.038840 0.009427 0.021261      0.029413     0.009705  0.012302
